time,mag
2452782.44756944,0.05069312577315621
2452782.44997685,0.05867544515733725
2452782.45236111,0.0026300781932953043
2452782.45475694,-0.008237666516934361
2452782.45715278,0.007966325245988948
2452782.45954861,-0.023738355007189682
2452782.46194444,0.006048187298980601
2452782.4643287,-0.0059877682972730994
2452782.46672454,-0.015165440700634747
2452782.46912037,-0.005390688526013321
2452782.4715162,0.046176410851552774
2452782.47390046,-0.02734467315221556
2452782.4762963,-0.012597492727671522
2452782.47869213,-0.030209031351155158
2452782.48107639,-0.005713622785973982
2452782.48347222,-0.03414328382575604
2452782.48586806,-0.02032226100649437
2452782.48826389,-0.030017227725442908
2452782.49064815,-0.07587487618752675
2452782.49304398,-0.04732852765725415
2452782.50863426,-0.01398388024194519
2452782.51103009,-0.04130116351669466
2452782.51342593,0.007053097978181544
2452782.51582176,-0.029132013832450898
2452782.51821759,-0.02231016578321965
2452782.52060185,-0.024147849127803322
2452782.52299769,-0.0314908607518678
2452782.52539352,-0.015431222503077713
2452782.52778935,-0.018761053380038195
2452782.53055556,-0.032352930575609395
2452782.53293981,-0.06252551471185797
2452782.5353588,-0.05803034479145053
2452782.53774306,-0.05650767528275624
2452782.54013889,-0.04167293202043343
2452782.5425463,-0.07462755218958605
2452782.54494213,-0.07675037045879374
2452782.54732639,-0.028008847232185552
2452782.54972222,-0.05905484499961933
2452782.55211806,-0.10474560804141442
2452782.55450231,-0.08495760421419929
2452782.55689815,-0.12711991122370403
2452782.55929398,-0.11057264422868451
2452782.56168982,-0.07519301606668982
2452782.56408565,-0.09437639297964084
2452782.56646991,-0.09933022182906304
2452782.56886574,-0.09818133865496592
2452782.57126157,-0.08720611242817689
2452782.57365741,-0.09008135300275821
2452782.57604167,-0.11269843508740696
2452782.5784375,-0.0899992501067095
2452782.58083333,-0.11820552743610757
2452782.58322917,-0.09289776404636352
2452782.58561343,-0.09196328837845069
2452782.58800926,-0.08930927069510841
2452782.59049769,-0.1075345092452189
2452782.59289352,-0.08997147387563298
2452782.59530093,-0.1027127504275347
2452782.59769676,-0.1019083157739229
2452782.60009259,-0.09641578745204815
2452782.60248843,-0.09372354104141412
2452782.60488426,-0.08275288761479827
2452782.60726852,-0.07787054608546251
2452782.60966435,-0.09989900632835003
2452782.61206019,-0.11359299256353173
2452782.61445602,-0.10204720315778104
2452782.63425926,-0.09113324869505779
2452782.63665509,-0.04391429233665978
2452782.63905093,-0.07093359295926738
2452782.64143518,0.024819409982959062
2452782.64383102,-0.07738501084105587
2452782.64622685,-0.0658404472237617
2452782.64861111,-0.008106948173008277
2452782.65101852,-0.007689067050901777
2452782.65341435,-0.04654227813920242
2452782.65581019,-0.046695431987588965
2452782.65820602,-0.047753818515614554
2452782.66060185,-0.045435924173254705
2452783.4215162,0.020929814696864835
2452783.42384259,0.04862558972180819
2452783.42618056,0.06116747803317857
2452783.42851852,0.004937674455370633
2452783.43243056,0.017597497251976346
2452783.43478009,0.05370982370605093
2452783.43710648,0.09361027827285184
2452783.43944444,0.07669362449093953
2452783.44178241,0.08497242635470492
2452783.44412037,0.10634164651749778
2452783.44644676,0.08387948350283159
2452783.44878472,0.05759340503839727
2452783.45346065,0.09168723581293303
2452783.45578704,0.06046106316817168
2452783.45820602,0.061580056946097805
2452783.46054398,0.08938970631444221
2452783.46288194,0.06627278163840833
2452783.46520833,0.057628737624527915
2452783.4675463,0.08661613340325225
2452783.46988426,0.13526538847535008
2452783.47222222,0.08684263856128549
2452783.47454861,0.041544307159284255
2452783.47688657,0.10672164499653025
2452783.47922454,0.1350824832488402
2452783.4815625,0.05771061537000133
2452783.48390046,0.08992666581862441
2452783.48856481,0.08925330935204956
2452783.49090278,0.08254637873690385
2452783.49324074,0.0575352571775305
2452783.4955787,0.09967197867739008
2452783.49790509,0.11070425415931329
2452783.50024306,0.09211762646563626
2452783.50258102,0.09681969992852357
2452783.50491898,0.016277376424163936
2452783.50724537,0.0825498375306224
2452783.50958333,0.06849937858425426
2452783.51195602,0.06562614893421159
2452783.51430556,0.11399425799514695
2452783.51896991,0.08554289971858076
2452783.52130787,0.10221312685610551
2452783.52364583,0.09873614357770322
2452783.5259838,0.11927392448267726
2452783.52831019,0.06445502551209703
2452783.53064815,0.10397509526748738
2452783.53299769,0.03943076009344315
2452783.53533565,0.03189190136745479
2452783.53766204,0.030795996289097793
2452810.38505787,0.06804297450473129
2452810.38859954,0.07644005040733237
2452810.39215278,0.07735272448537955
2452810.39569444,0.06793899278946736
2452810.39923611,0.03898560216088631
2452810.40277778,0.03401879959984422
2452810.40631944,0.04275683210123438
2452810.40986111,0.03514356506197425
2452810.41340278,0.052310097162770575
2452810.41694444,0.027246824650312806
2452810.42048611,0.058239575571883195
2452810.42402778,0.04561425032351485
2452810.42756944,0.035922772860562446
2452810.43111111,-0.01200525731641311
2452810.43466435,0.012455725745847968
2452810.43820602,0.003737748386765105
2452810.44174768,0.036920385599532146
2452810.44528935,-0.0006504419860162702
2452810.44883102,0.02883318417852765
2452810.45237269,-0.01592453727254206
2452810.45591435,-0.030969476848325517
2452810.45945602,0.02046134762724794
2452810.46299769,0.03294115235297457
2452810.46653935,-0.0046471068952387284
2452810.47008102,-0.010686093070788383
2452810.47362269,0.012397628480925516
2452810.47717593,-0.011177032857546454
2452810.48071759,0.0004057706317328602
2452810.48425926,-0.03673779789165521
2452810.48780093,0.005600981476207689
2452810.49134259,-0.007945291301502788
2452810.49488426,-0.001720659793319701
2452810.49842593,0.0027271927037462174
2452810.50196759,-0.0018020794181254907
2452810.50550926,-0.01403343119816558
2452810.50905093,0.0003514084391382788
2452810.51368056,-0.006414784480148761
2452810.51717593,-0.043963760011178854
2452810.52065972,-0.02931756715117939
2452810.52414352,-0.03008078388007762
2452810.52762731,-0.006292620342146504
2452810.53111111,-0.035020612020657316
2452810.53459491,-0.004519631340545782
2452810.53809028,-0.05949192770992906
2452810.54157407,-0.022368830197714296
2452810.54505787,-0.04890616423334482
2452810.54854167,-0.04876232235939937
2452810.55202546,-0.03276487812793283
2452810.55550926,-0.02729137132215831
2452810.55899306,-0.025047265572618826
2452810.56248843,-0.04458863806836111
2452810.56597222,-0.0695249991209721
2452810.56945602,-0.0607026445613692
2452810.57293981,-0.0809032002896739
2452810.57643519,-0.04367992467988424
2452810.57991898,-0.0063479746046462004
2452810.58340278,-0.04017665863712461
2452810.58688657,-0.015101615727524553
2452810.59037037,-0.05970384666486073
2452810.59385417,-0.00865027470453339
2452810.59733796,-0.05068731050198094
2452810.60082176,-0.009344983875403612
2452811.3737037,0.00961411569963877
2452811.37724537,-0.0002219738550046646
2452811.38078704,0.0059119903438296095
2452811.3843287,0.006952808776029329
2452811.38787037,0.011180649570785572
2452811.39141204,0.013455421214038088
2452811.3949537,0.007345199475672359
2452811.39849537,0.02938049339021176
2452811.40203704,-0.00014395126044308704
2452811.4055787,0.05121401505326917
2452811.40912037,0.037716554052849904
2452811.41266204,0.030418986783429247
2452811.4162037,0.012308802983330036
2452811.41974537,0.029600977042699927
2452811.42329861,0.08610343407323118
2452811.42684028,0.0295587195743916
2452811.43038194,0.06693825665629216
2452811.43392361,0.06425551884856207
2452811.43746528,0.053921823725740836
2452811.44100694,0.05902585933513871
2452811.44454861,0.044795934781598934
2452811.44810185,0.08744889577154513
2452811.45167824,0.05929768134667768
2452811.45521991,0.07666398479055081
2452811.45876157,0.07810799436106564
2452811.46230324,0.06348510014122688
2452811.46584491,0.06470782839458256
2452811.46938657,0.0869329989937957
2452811.47292824,0.016496767515226107
2452811.47646991,0.06325742137671764
2452811.48002315,0.06183564064011282
2452811.48356482,0.05637608232021307
2452811.48710648,0.05333608423352354
2452811.49065972,0.0988040354912707
2452811.49420139,0.073371351365072
2452811.49774306,0.04364757806564734
2452811.5012963,0.04513522696697425
2452811.50483796,0.061399148485000055
2452811.50837963,-0.0036810232649338026
2452811.5119213,0.05441181959460395
2452811.51546296,0.026915168875722983
2452811.51900463,0.042095728266527965
2452811.5225463,0.04846978717283568
2452811.52609954,0.014447742394979368
2452811.5296412,0.0001984504659700015
2452811.53318287,0.0110050913487314
2452811.53672454,0.02852516515375214
2452811.5402662,-0.016687412774103683
2452811.54380787,0.01637369955851664
2452811.54734954,-0.02116818028201517
2452811.5508912,-0.019187469726560602
2452811.55444444,0.0008598649776245804
2452811.55798611,-0.030757501473329674
2452811.56152778,-0.02120816454847274
2452811.56508102,-0.03537023635585412
2452811.56862269,-0.0026162089101935404
2452811.57216435,-0.0013683864483073904
2452811.57570602,0.018525501607497663
2452811.57925926,0.014883558252935636
2452811.58280093,-0.04463323878883063
2452811.58634259,-0.03859044920066257
2452811.58988426,0.0016493001152551034
2452811.59342593,0.005681499689605962
2452811.59696759,0.01767241449184631
2452811.60050926,-0.0261790315217465
2452812.37060185,-0.11086540393682709
2452812.37409722,-0.07604383354362398
2452812.37758102,-0.066849924284893
2452812.38106481,-0.07542543151708325
2452812.38456019,-0.09528629798188026
2452812.38804398,-0.08402943709093424
2452812.39152778,-0.08471119991271081
2452812.39501157,-0.05179905285139341
2452812.39849537,-0.1114028572830521
2452812.40546296,-0.09384318580860529
2452812.40894676,-0.11972541328487818
2452812.41244213,-0.09137363426708256
2452812.41592593,-0.060921015249097765
2452812.4194213,-0.11318179575212683
2452812.42290509,-0.07812622850904605
2452812.42638889,-0.08560291731302128
2452812.42987269,-0.07103763018778286
2452812.43335648,-0.086644090123015
2452812.43684028,-0.06441788836250684
2452812.44032407,-0.04462282754744695
2452812.44380787,-0.09128154445926717
2452812.44730324,-0.09387206277734128
2452812.45078704,-0.09371345673080445
2452812.45427083,-0.03271800778680367
2452812.45775463,-0.07662056278843243
2452812.46123843,-0.05524860763550565
2452812.46472222,-0.03760877756297876
2452812.46820602,-0.019141077839780474
2452812.47170139,-0.043424562031064484
2452812.50042824,0.023807729794935284
2452812.50391204,0.004041777527546975
2452812.50739583,0.0306915657246547
2452812.51087963,0.025361216225491923
2452812.51436343,0.05682253582588559
2452812.53105324,0.06692496207178023
2452812.53453704,0.037199847018700494
2452812.53802083,0.0587797587092711
2452812.5415162,0.060885828975108414
2452812.545,0.08220028182582428
2452812.5484838,0.06503606599696843
2452812.55196759,0.06501962423210372
2452812.55545139,0.09483715933168035
2452812.55893518,0.11374788595917762
2452812.56241898,0.05156020873304756
