  -354.233    448.057  24.73  -0.10 2459016.85847922 Kai_immersion_err-
  -318.869    447.913  24.73  -0.10 2459016.85849578 Kai_immersion_err+
   137.768    446.059  24.73  -0.10 2459016.85870949 Kai_emersion_err-
   424.137    444.895  24.73  -0.10 2459016.85884352 Kai_emersion_err+
  -488.376    308.205  24.73  -0.10 2459016.85831233 Ned_immersion_err-
  -481.254    308.175  24.73  -0.10 2459016.85831566 Ned_immersion_err+
   433.504    304.303  24.73  -0.10 2459016.85874382 Ned_emersion_err-
   444.978    304.254  24.73  -0.10 2459016.85874919 Ned_emersion_err+
  -325.192    459.222  24.80  -0.06 2459016.85942649 Paul_immersion_err-
  -189.604    458.879  24.80  -0.06 2459016.85948978 Paul_immersion_err+
   174.410    457.958  24.80  -0.06 2459016.85965969 Paul_emersion_err-
   304.344    457.628  24.80  -0.06 2459016.85972034 Paul_emersion_err+
  -295.176    459.337  24.80  -0.06 2459016.85943694 Tony_immersion_err-
  -195.395    459.084  24.80  -0.06 2459016.85948352 Tony_immersion_err+
   286.451    457.860  24.80  -0.06 2459016.85970843 Tony_emersion_err-
   385.637    457.608  24.80  -0.06 2459016.85975472 Tony_emersion_err+
