  -571.648     14.827  23.49   0.32 2460838.91126176 SPM_immersion_err-
  -561.405     14.967  23.49   0.32 2460838.91126681 SPM_immersion_err+
   557.410     30.202  23.49   0.32 2460838.91181796 SPM_emersion_err-
   569.627     30.369  23.49   0.32 2460838.91182398 SPM_emersion_err+
  -526.265    182.253  23.48   0.31 2460838.91113510 Dunham_immersion_err-
  -516.283    182.387  23.48   0.31 2460838.91114003 Dunham_immersion_err+
   511.223    196.148  23.48   0.31 2460838.91164658 Dunham_emersion_err-
   519.171    196.254  23.48   0.31 2460838.91165049 Dunham_emersion_err+
  -429.246    376.829  23.45   0.30 2460838.91091677 Nikitin_immersion_err-
  -372.180    377.571  23.45   0.30 2460838.91094494 Nikitin_immersion_err+
   310.032    386.433  23.45   0.30 2460838.91128172 Nikitin_emersion_err-
   377.995    387.315  23.45   0.30 2460838.91131527 Nikitin_emersion_err+
