  -444.381    379.046  18.16  -3.65 2455685.61230787 Ponta_Grossa_immersion
   552.625    178.839  18.16  -3.65 2455685.61294329 Ponta_Grossa_emersion
  -558.536    211.536  18.16  -3.65 2455685.61210995 Florianópolis_immersion
   589.358    -19.177  18.16  -3.65 2455685.61284144 Florianópolis_emersion
  -562.120     -0.004  18.05  -3.63 2455685.61288310 San_Pedro_-_0.4_immersion
   490.241   -211.456  18.05  -3.63 2455685.61355787 San_Pedro_-_0.4_emersion
  -572.950      2.172  18.05  -3.63 2455685.61287616 San_Pedro_-_0.5_immersion
   470.384   -207.467  18.05  -3.63 2455685.61354514 San_Pedro_-_0.5_emersion
  -503.547   -231.693  18.03  -3.63 2455685.61292361 Armazones_immersion
   304.411   -394.175  18.04  -3.63 2455685.61344213 Armazones_emersion
  -425.682   -349.128  18.12  -3.64 2455685.61237384 Rivera_immersion
   195.683   -474.152  18.12  -3.65 2455685.61277083 Rivera_emersion
