  -434.115    321.979  17.60   3.34 2459800.77176319 UCSC_immersion
   280.613    457.675  17.60   3.34 2459800.77223321 UCSC_emersion
  -567.063    113.034  17.54   3.32 2459800.77087102 Buie_immersion
   477.404    310.661  17.54   3.32 2459800.77156024 Buie_emersion
  -573.325    100.201  17.54   3.32 2459800.77087277 Nederland_immersion
   497.689    302.835  17.54   3.32 2459800.77157942 Nederland_emersion
  -432.763    326.136  17.60   3.34 2459800.77176779 Bender_immersion
   281.770    461.800  17.60   3.34 2459800.77223767 Bender_emersion
  -574.942     95.759  17.54   3.32 2459800.77086387 Sommers_immersion
   500.043    299.140  17.54   3.32 2459800.77157317 Sommers_emersion
  -473.180   -314.525  17.61   3.33 2459800.77127622 SPM_immersion
   527.774   -125.346  17.61   3.33 2459800.77193409 SPM_emersion
  -445.017   -340.912  17.66   3.40 2459800.77388308 Tohuku_immersion
   519.625   -155.143  17.67   3.40 2459800.77451510 Tohuku_emersion
  -380.813   -415.717  17.67   3.40 2459800.77387918 CFHT_immersion
   471.266   -251.727  17.67   3.40 2459800.77443733 CFHT_emersion
  -384.167   -416.472  17.67   3.40 2459800.77387705 Gemini_R_immersion
   464.784   -253.083  17.67   3.40 2459800.77443315 Gemini_R_emersion
  -384.344   -416.506  17.67   3.40 2459800.77387693 Gemini_B_immersion
   464.590   -253.120  17.67   3.40 2459800.77443302 Gemini_B_emersion
