  -450.533     42.990  24.02   2.24 2460140.51038257 Trappist_immersion
   622.673    142.903  24.02   2.24 2460140.51089965 Trappist_emersion
  -339.326   -238.090  23.88   2.18 2460140.50906355 Tubtak_immersion
   630.345   -149.414  23.88   2.18 2460140.50953359 Tubtak_emersion
  -212.428    424.564  23.89   2.20 2460140.50953595 Vidojevica_immersion
   238.519    466.080  23.89   2.20 2460140.50975441 Vidojevica_emersion
  -228.260    434.450  23.99   2.23 2460140.51030216 Calar_Alto_immersion
   249.635    478.863  23.99   2.23 2460140.51053275 Calar_Alto_emersion
  -436.461    -30.939  24.04   2.25 2460140.51084513 Liverpool_immersion
   639.070     69.908  24.04   2.25 2460140.51136296 Liverpool_emersion
  -437.343    -82.047  24.04   2.25 2460140.51077994 Artemis_immersion
   660.683     20.788  24.04   2.25 2460140.51130858 Artemis_emersion
  -465.981    143.999  23.94   2.20 2460140.50951686 SLN_immersion
   596.713    241.813  23.94   2.20 2460140.51003067 SLN_emersion
