  -552.561    -51.619  12.49   3.83 2460180.63603573 OPD_immersion_err-
  -551.137    -51.182  12.49   3.83 2460180.63603705 OPD_immersion_err+
   481.787    265.705  12.49   3.83 2460180.63699398 OPD_emersion_err-
   488.757    267.844  12.49   3.83 2460180.63700044 OPD_emersion_err+
  -530.457   -155.217  12.51   3.84 2460180.63635045 OACEP_immersion_err-
  -518.421   -151.524  12.51   3.84 2460180.63636159 OACEP_immersion_err+
   527.543    169.404  12.51   3.84 2460180.63732924 OACEP_emersion_err-
   539.277    173.005  12.51   3.84 2460180.63734009 OACEP_emersion_err+
  -456.030    257.577  12.60   3.87 2460180.63795417 SOAR_immersion_err-
  -453.182    258.452  12.60   3.87 2460180.63795678 SOAR_immersion_err+
   224.199    466.441  12.60   3.87 2460180.63857890 SOAR_emersion_err-
   227.324    467.400  12.60   3.87 2460180.63858177 SOAR_emersion_err+
  -329.916    389.465  12.61   3.87 2460180.63804174 La_Silla_immersion_err-
  -329.589    389.565  12.61   3.87 2460180.63804204 La_Silla_immersion_err+
    61.093    509.475  12.61   3.87 2460180.63840075 La_Silla_emersion_err-
    61.623    509.637  12.61   3.87 2460180.63840124 La_Silla_emersion_err+
