  -600.623   -191.813  20.30   3.18 2460158.42865162 La_Hita_immersion_err-
  -141.786   -119.862  20.30   3.18 2460158.42891319 La_Hita_immersion_err+
   170.871    -70.835  20.30   3.18 2460158.42909144 La_Hita_emersion_err-
   654.067      4.930  20.30   3.18 2460158.42936690 La_Hita_emersion_err+
  -623.865    -98.296  20.29   3.18 2460158.42846181 Montsec_immersion_err-
  -254.641    -40.457  20.29   3.18 2460158.42867245 Montsec_immersion_err+
   339.765     52.652  20.29   3.18 2460158.42901157 Montsec_emersion_err-
   631.894     98.411  20.29   3.18 2460158.42917824 Montsec_emersion_err+
  -589.677   -355.812  20.31   3.18 2460158.42861921 Calar_immersion_err-
  -362.159   -320.169  20.31   3.18 2460158.42874884 Calar_immersion_err+
   399.614   -200.835  20.31   3.18 2460158.42918287 Calar_emersion_err-
   700.259   -153.740  20.31   3.18 2460158.42935417 Calar_emersion_err+
  -729.844   -377.771  20.31   3.18 2460158.42853935 Calar2_immersion_err-
  -396.693   -325.579  20.31   3.18 2460158.42872917 Calar2_immersion_err+
   515.403   -182.697  20.31   3.18 2460158.42924884 Calar2_emersion_err-
   568.219   -174.423  20.31   3.18 2460158.42927894 Calar2_emersion_err+
