  -523.445      3.461  15.94  -2.09 2460077.86344073 Penticton_immersion_err-
  -519.651      2.964  15.94  -2.09 2460077.86344348 Penticton_immersion_err+
   558.388   -138.350  15.94  -2.09 2460077.86422611 Penticton_emersion_err-
   566.105   -139.362  15.94  -2.09 2460077.86423171 Penticton_emersion_err+
  -526.249    -23.407  15.95  -2.09 2460077.86344959 Anarchist_immersion_err-
  -522.358    -23.916  15.95  -2.09 2460077.86345242 Anarchist_immersion_err+
   549.121   -164.324  15.95  -2.09 2460077.86423013 Anarchist_emersion_err-
   551.577   -164.646  15.95  -2.09 2460077.86423191 Anarchist_emersion_err+
  -515.149    198.171  16.04  -2.15 2460077.86104605 Van_immersion_err-
  -301.916    169.568  16.04  -2.15 2460077.86119990 Van_immersion_err+
   527.641     58.282  16.04  -2.15 2460077.86179840 Van_emersion_err-
   608.943     47.374  16.04  -2.15 2460077.86185706 Van_emersion_err+
  -451.086   -395.314  15.97  -2.08 2460077.86375900 Pine_immersion_err-
  -284.026   -417.111  15.97  -2.08 2460077.86388012 Pine_immersion_err+
   186.560   -478.509  15.97  -2.08 2460077.86422126 Pine_emersion_err-
   374.001   -502.966  15.97  -2.08 2460077.86435714 Pine_emersion_err+
