  -196.624    555.107   0.98  -3.94 2460410.66674131 OASI_immersion
    53.085   -444.302   0.99  -3.94 2460410.66967667 OASI_emersion
  -498.070    374.656   0.91  -3.94 2460410.66248605 OPD_immersion
  -314.493   -420.373   0.91  -3.94 2460410.66482149 OPD_emersion
  -595.318    179.265   0.87  -3.94 2460410.66188799 Imbituva_immersion
  -491.863   -289.996   0.87  -3.94 2460410.66326692 Imbituva_emersion
  -564.754    249.078   0.87  -3.94 2460410.66173833 OACEP_immersion
  -436.012   -329.233   0.88  -3.94 2460410.66343736 OACEP_emersion
  -584.865    197.355   0.87  -3.94 2460410.66191339 UEPG_immersion
  -474.533   -300.851   0.87  -3.94 2460410.66337731 UEPG_emersion
