  -434.796     78.798  24.52   1.01 2460847.49093237 Belesta_immersion
   697.740    125.303  24.52   1.01 2460847.49146698 Belesta_emersion
  -301.308   -328.948  24.54   1.02 2460847.49125434 Sierra_Nevada_immersion
   523.511   -294.773  24.54   1.02 2460847.49164331 Sierra_Nevada_emersion
  -385.983    290.323  24.50   0.98 2460847.49028352 Piszkesteto_immersion
   628.371    330.920  24.50   0.98 2460847.49076271 Piszkesteto_emersion
  -339.181    410.293  24.49   0.99 2460847.49048572 Ondrejov_immersion
   556.928    446.433  24.49   0.99 2460847.49090924 Ondrejov_emersion
  -437.781     -4.312  24.53   1.01 2460847.49098354 Montsec_immersion
   727.629     43.627  24.53   1.01 2460847.49153353 Montsec_emersion
  -474.035   -133.591  24.53   1.01 2460847.49105124 Javalambre_immersion
   721.769    -84.256  24.53   1.01 2460847.49161539 Javalambre_emersion
