  -196.658    555.245   0.98  -3.94 2460410.66674090 OASI_immersion_err-
  -196.590    554.969   0.98  -3.94 2460410.66674171 OASI_immersion_err+
    52.991   -443.928   0.99  -3.94 2460410.66967557 OASI_emersion_err-
    53.179   -444.677   0.99  -3.94 2460410.66967777 OASI_emersion_err+
  -499.312    380.053   0.91  -3.94 2460410.66247020 OPD_immersion_err-
  -496.829    369.258   0.91  -3.94 2460410.66250191 OPD_immersion_err+
  -315.817   -414.659   0.91  -3.94 2460410.66480471 OPD_emersion_err-
  -313.169   -426.086   0.91  -3.94 2460410.66483828 OPD_emersion_err+
  -595.418    179.718   0.87  -3.94 2460410.66188666 Imbituva_immersion_err-
  -595.219    178.812   0.87  -3.94 2460410.66188932 Imbituva_immersion_err+
  -491.933   -289.676   0.87  -3.94 2460410.66326598 Imbituva_emersion_err-
  -491.792   -290.315   0.87  -3.94 2460410.66326786 Imbituva_emersion_err+
  -564.966    250.033   0.87  -3.94 2460410.66173553 OACEP_immersion_err-
  -564.542    248.123   0.87  -3.94 2460410.66174114 OACEP_immersion_err+
  -436.254   -328.151   0.88  -3.94 2460410.66343418 OACEP_emersion_err-
  -435.771   -330.314   0.88  -3.94 2460410.66344054 OACEP_emersion_err+
  -585.004    197.985   0.87  -3.94 2460410.66191154 UEPG_immersion_err-
  -584.726    196.725   0.87  -3.94 2460410.66191524 UEPG_immersion_err+
  -474.649   -300.331   0.87  -3.94 2460410.66337579 UEPG_emersion_err-
  -474.418   -301.371   0.87  -3.94 2460410.66337884 UEPG_emersion_err+
