  -253.301   -488.382  22.14  -1.45 2458632.48770198 Aosta_immersion_err-
  -237.673   -489.406  22.14  -1.45 2458632.48771015 Aosta_immersion_err+
    59.836   -508.898  22.14  -1.45 2458632.48786571 Aosta_emersion_err-
    81.263   -510.302  22.14  -1.45 2458632.48787691 Aosta_emersion_err+
  -638.348   -146.547  22.14  -1.47 2458632.48697860 Pleso_immersion_err-
  -550.729   -152.362  22.14  -1.47 2458632.48702441 Pleso_immersion_err+
   397.915   -215.325  22.14  -1.47 2458632.48752039 Pleso_emersion_err-
   484.605   -221.080  22.14  -1.47 2458632.48756572 Pleso_emersion_err+
  -594.487   -120.482  22.10  -1.46 2458632.48738098 Oldendorf_immersion_err-
  -574.552   -121.794  22.10  -1.46 2458632.48739142 Oldendorf_immersion_err+
   460.982   -189.986  22.10  -1.46 2458632.48793372 Oldendorf_emersion_err-
   507.439   -193.045  22.10  -1.46 2458632.48795804 Oldendorf_emersion_err+
  -471.580   -401.451  22.11  -1.45 2458632.48772025 Buthiers_immersion_err-
  -444.252   -403.238  22.11  -1.45 2458632.48773456 Buthiers_immersion_err+
   224.635   -446.964  22.11  -1.45 2458632.48808470 Buthiers_emersion_err-
   252.141   -448.763  22.11  -1.45 2458632.48809910 Buthiers_emersion_err+
