   339.249    513.844 -18.00  -2.86 2455974.68649421 Gnosca_immersion_err-
   177.210    488.143 -18.00  -2.86 2455974.68659838 Gnosca_immersion_err+
  -215.277    425.887 -18.00  -2.86 2455974.68685069 Gnosca_emersion_err-
  -413.317    394.473 -18.00  -2.86 2455974.68697801 Gnosca_emersion_err+
   589.154    416.302 -18.00  -2.85 2455974.68617014 TAROT_immersion_err-
   481.139    399.199 -18.00  -2.85 2455974.68623958 TAROT_immersion_err+
  -453.155    251.249 -18.00  -2.85 2455974.68684028 TAROT_emersion_err-
  -579.164    231.293 -18.00  -2.85 2455974.68692130 TAROT_emersion_err+
   506.081    403.319 -18.01  -2.85 2455974.68619329 Valensole_immersion_err-
   430.453    391.351 -18.01  -2.85 2455974.68624190 Valensole_immersion_err+
  -464.447    249.720 -18.01  -2.85 2455974.68681713 Valensole_emersion_err-
  -543.671    237.181 -18.01  -2.85 2455974.68686806 Valensole_emersion_err+
   426.119    393.574 -18.00  -2.85 2455974.68628935 Tourrette_immersion_err-
   346.914    381.029 -18.00  -2.85 2455974.68634028 Tourrette_immersion_err+
  -445.110    255.579 -18.00  -2.85 2455974.68684954 Tourrette_emersion_err-
  -463.110    252.728 -18.00  -2.85 2455974.68686111 Tourrette_emersion_err+
