  -493.538    195.670  20.29  -1.21 2460091.16077597 RF_immersion_err-
  -473.979    194.503  20.29  -1.21 2460091.16078713 RF_immersion_err+
   587.057    131.226  20.29  -1.21 2460091.16139238 RF_emersion_err-
   608.970    129.919  20.29  -1.21 2460091.16140488 RF_emersion_err+
  -537.101     49.427  20.29  -1.20 2460091.16090663 Ray_immersion_err-
  -527.283     48.844  20.29  -1.20 2460091.16091223 Ray_immersion_err+
   598.376    -18.018  20.29  -1.21 2460091.16155448 Ray_emersion_err-
   607.870    -18.582  20.29  -1.21 2460091.16155990 Ray_emersion_err+
  -531.714    -30.901  20.28  -1.21 2460091.16086269 Robinhood_immersion_err-
  -529.970    -31.005  20.28  -1.21 2460091.16086368 Robinhood_immersion_err+
   582.725    -97.200  20.28  -1.21 2460091.16149873 Robinhood_emersion_err-
   584.752    -97.321  20.28  -1.21 2460091.16149988 Robinhood_emersion_err+
   484.743    329.104  20.30  -1.21 2460091.16123755 Wither_emersion_err-
   512.144    327.466  20.30  -1.21 2460091.16125317 Wither_emersion_err+
