  -562.576    -88.847  24.88   1.84 2460496.45623892 Bulach_immersion_err-
  -548.496    -87.807  24.88   1.84 2460496.45624547 Bulach_immersion_err+
   556.887     -6.165  24.88   1.84 2460496.45675977 Bulach_emersion_err-
   564.052     -5.636  24.88   1.84 2460496.45676310 Bulach_emersion_err+
  -322.775   -464.402  24.91   1.85 2460496.45674074 OAJ_immersion_err-
  -213.368   -456.264  24.91   1.85 2460496.45679157 OAJ_immersion_err+
   243.344   -422.294  24.91   1.85 2460496.45700377 OAJ_emersion_err-
   396.745   -410.884  24.91   1.85 2460496.45707505 OAJ_emersion_err+
  -430.837   -345.300  24.90   1.85 2460496.45657071 CAP_immersion_err-
  -398.862   -342.927  24.90   1.85 2460496.45658557 CAP_immersion_err+
   486.938   -277.189  24.90   1.85 2460496.45699727 CAP_emersion_err-
   517.469   -274.923  24.90   1.85 2460496.45701146 CAP_emersion_err+
  -554.695     69.504  24.86   1.84 2460496.45633951 Nandrin_immersion_err-
  -542.367     70.418  24.86   1.84 2460496.45634525 Nandrin_immersion_err+
   523.941    149.405  24.86   1.84 2460496.45684176 Nandrin_emersion_err-
   558.294    151.950  24.86   1.84 2460496.45685775 Nandrin_emersion_err+
  -281.431   -489.475  24.91   1.86 2460496.45684742 La_Hita_immersion_err-
  -153.145   -479.914  24.91   1.86 2460496.45690703 La_Hita_immersion_err+
