  -565.511    178.252  23.60  -1.02 2458639.62509755 GTC_immersion_err-
  -564.284    178.199  23.60  -1.02 2458639.62509815 GTC_immersion_err+
   540.856    130.213  23.60  -1.03 2458639.62564007 GTC_emersion_err-
   541.517    130.185  23.60  -1.03 2458639.62564039 GTC_emersion_err+
  -594.218    143.701  23.60  -1.03 2458639.62501618 Artemis_immersion_err-
  -589.356    143.490  23.60  -1.03 2458639.62501856 Artemis_immersion_err+
   523.848     95.032  23.60  -1.03 2458639.62556443 Artemis_emersion_err-
   561.755     93.382  23.60  -1.03 2458639.62558302 Artemis_emersion_err+
  -505.049    351.060  23.58  -1.04 2458639.62467859 Trapist_N_immersion_err-
  -494.014    350.572  23.58  -1.04 2458639.62468400 Trapist_N_immersion_err+
   386.560    311.653  23.58  -1.04 2458639.62511626 Trapist_N_emersion_err-
   414.146    310.433  23.58  -1.04 2458639.62512980 Trapist_N_emersion_err+
