  -436.209    321.582  17.60   3.34 2459800.77176182 UCSC_immersion_err-
  -432.020    322.377  17.60   3.34 2459800.77176457 UCSC_immersion_err+
   278.273    457.231  17.60   3.34 2459800.77223167 UCSC_emersion_err-
   282.954    458.120  17.60   3.34 2459800.77223475 UCSC_emersion_err+
  -573.623    111.793  17.54   3.32 2459800.77086669 Buie_immersion_err-
  -560.503    114.276  17.54   3.32 2459800.77087535 Buie_immersion_err+
   462.355    307.814  17.54   3.32 2459800.77155031 Buie_emersion_err-
   492.453    313.508  17.54   3.32 2459800.77157017 Buie_emersion_err+
  -587.587     97.502  17.54   3.32 2459800.77086336 Nederland_immersion_err-
  -559.063    102.899  17.54   3.32 2459800.77088218 Nederland_immersion_err+
   482.849    300.027  17.54   3.32 2459800.77156963 Nederland_emersion_err-
   512.528    305.643  17.54   3.32 2459800.77158921 Nederland_emersion_err+
  -439.082    324.937  17.60   3.34 2459800.77176363 Bender_immersion_err-
  -426.445    327.336  17.60   3.34 2459800.77177194 Bender_immersion_err+
   274.448    460.410  17.60   3.34 2459800.77223286 Bender_emersion_err-
   289.092    463.190  17.60   3.34 2459800.77224249 Bender_emersion_err+
  -580.152     94.773  17.54   3.32 2459800.77086043 Sommers_immersion_err-
  -569.732     96.745  17.54   3.32 2459800.77086730 Sommers_immersion_err+
   492.080    297.633  17.54   3.32 2459800.77156792 Sommers_emersion_err-
   508.006    300.646  17.54   3.32 2459800.77157843 Sommers_emersion_err+
  -475.980   -315.055  17.61   3.33 2459800.77127437 SPM_immersion_err-
  -470.380   -313.996  17.61   3.33 2459800.77127806 SPM_immersion_err+
   525.238   -125.826  17.61   3.33 2459800.77193242 SPM_emersion_err-
   530.310   -124.867  17.61   3.33 2459800.77193575 SPM_emersion_err+
  -449.027   -341.685  17.66   3.40 2459800.77388045 Tohuku_immersion_err-
  -441.007   -340.140  17.66   3.40 2459800.77388571 Tohuku_immersion_err+
   515.969   -155.847  17.67   3.40 2459800.77451271 Tohuku_emersion_err-
   523.282   -154.439  17.67   3.40 2459800.77451750 Tohuku_emersion_err+
  -380.831   -415.721  17.67   3.40 2459800.77387917 CFHT_immersion_err-
  -380.795   -415.714  17.67   3.40 2459800.77387919 CFHT_immersion_err+
   471.230   -251.733  17.67   3.40 2459800.77443730 CFHT_emersion_err-
   471.301   -251.720  17.67   3.40 2459800.77443735 CFHT_emersion_err+
  -384.185   -416.475  17.67   3.40 2459800.77387704 Gemini_R_immersion_err-
  -384.149   -416.468  17.67   3.40 2459800.77387706 Gemini_R_immersion_err+
   464.696   -253.100  17.67   3.40 2459800.77443309 Gemini_R_emersion_err-
   464.873   -253.066  17.67   3.40 2459800.77443321 Gemini_R_emersion_err+
  -384.379   -416.513  17.67   3.40 2459800.77387691 Gemini_B_immersion_err-
  -384.308   -416.499  17.67   3.40 2459800.77387696 Gemini_B_immersion_err+
   464.572   -253.123  17.67   3.40 2459800.77443301 Gemini_B_emersion_err-
   464.608   -253.117  17.67   3.40 2459800.77443303 Gemini_B_emersion_err+
